789837.11591 1845985.8039 28970894.59 772468.96991 320070.11922 # 1983 1
10222593.152 263865.60083 3085028.6497 564012.72177 2198.8800069 # 1983 2
15374.839219 47117099.19 1701105.3726 10002463.415 333196.88328 # 1984 1
0 9241291.3696 89838.396334 566197.66598 42957.661129 # 1984 2
5249273.246 6221183.415 31386229.704 1988542.5806 211632.04172 # 1985 1
8555691.9948 1358592.2967 2313762.9356 1600788.6027 213534.02131 # 1985 2
0 44939660.168 7553290.8847 1652185.8147 30901.230948 # 1986 1
87141.052826 4162541.3627 227967.21855 187508.8726 14004.812061 # 1986 2
0 4504002.0314 23571737.591 1198720.8348 170802.19149 # 1987 1
186627.75062 1938298.2825 4173447.4167 122748.45343 31939.648597 # 1987 2
1207189.293 1996963.1333 8564242.9141 15229288.025 2354019.1214 # 1988 1
0 0 161558.17748 1438834.367 46948.530209 # 1988 2
40783.439062 62502729.851 6363622.8192 1345853.4891 4736504.2332 # 1989 1
467.87732297 757493.38589 77199.75829 16375.706304 57548.910725 # 1989 2
0 16849889.444 13919800.636 2059996.8907 622090.67029 # 1990 1
521855.68797 1256999.1278 416960.0723 62063.239273 18356.732743 # 1990 2
0 14938621.324 6869769.8222 983098.02312 338126.13826 # 1991 1
7343592.9063 6916858.3288 208518.03217 67283.4348 0 # 1991 2
1686.6400839 50883401.37 8450910.1402 845006.68202 523701.74604 # 1992 1
104412.6506 3041213.2485 297653.9741 122334.22496 26492.762093 # 1992 2
3700069.1474 2316754.0058 6359323.7191 1732146.6268 524128.42365 # 1993 1
1625091.4871 371059.0215 239916.17123 144643.26586 41166.129748 # 1993 2
0 22719652.082 2978686.7422 1545154.8724 1103164.8404 # 1994 1
0 1694152.7696 119362.97696 65764.85113 101918.37191 # 1994 2
3070.7241765 38498512.312 6461290.379 749687.91389 306523.20815 # 1995 1
21083.466539 3653799.6949 955237.23351 107861.87429 25532.488512 # 1995 2
8751920.1495 11404254.474 13641920.845 5156642.4526 965656.36253 # 1996 1
6808612.8371 1061806.9081 1070629.6652 248584.24558 71709.936204 # 1996 2
0 40182410.773 2558336.1289 4269049.6097 1031950.6866 # 1997 1
476.08227039 9097197.4348 165696.25315 243411.41539 107324.93856 # 1997 2
8531.5851757 9699184.434 30835019.467 2448843.556 1748501.4874 # 1998 1
948.15557167 501841.04673 1565991.6298 167000.94345 123583.32643 # 1998 2
312531.2097 42152534.534 5530601.1649 10580109.481 850596.1638 # 1999 1
558596.75844 1596704.9024 163710.51133 884043.33076 312543.96444 # 1999 2
17555276.602 34455585.269 3434663.1313 688251.18918 1188333.5155 # 2000 1
6290859.71 3270061.9077 201710.68461 129131.99473 268632.48004 # 2000 2
5302495.4252 59492371.12 8276999.0038 1069195.5575 862584.49567 # 2001 1
63785284.259 3104976.5354 417893.59975 41255.801246 75188.912078 # 2001 2
704540.57793 82674669.378 10767887.842 1279310.414 425412.0579 # 2002 1
10017.780765 593650.16051 111325.35571 26880.184234 52749.521236 # 2002 2
12785991.975 3738971.6863 13442911.755 1264663.5356 496211.03666 # 2003 1
2025335.5688 368037.51294 4213014.2727 154519.91701 48447.093444 # 2003 2
5134098.2661 30780462.244 814414.5444 2350473.4338 497583.97886 # 2004 1
655013.87654 2190682.1585 113918.32095 243703.09008 49206.071356 # 2004 2
1557557.3835 11136863.653 4007082.6245 258134.65618 423880.69847 # 2005 1
152940.51788 387311.77731 154261.7149 11616.186746 25597.533625 # 2005 2
2212233.1956 33506110.292 2527965.0963 792495.78732 158230.79381 # 2006 1
39596.385721 766945.37931 102927.60833 47098.242665 22008.032673 # 2006 2
171220.96365 10257307.748 4416239.6389 300539.59816 164321.62426 # 2007 1
4.8655855782 780.2730436 122.36052704 8.4839713728 3.3441621748 # 2007 2
469215.68536 26720985.364 4168353.1621 1314993.3413 213511.30259 # 2008 1
7573.9474088 267703.66267 79737.810895 47752.050971 7438.4053681 # 2008 2
3658984.2401 16911251.508 13219194.324 1532450.3967 340942.19163 # 2009 1
832070.8445 1923439.9323 387315.15982 39638.617384 2634.7882624 # 2009 2
140177.62388 42232162.058 2226232.8692 1033352.7511 123046.53421 # 2010 1
28044.236208 1116386.7912 35371.484259 2521.4696613 509.79809862 # 2010 2
229182.58387 1847910.3261 31984155.055 1416671.2387 315339.76531 # 2011 1
8456.0195181 53218.611707 418023.21495 35146.463408 4097.2836286 # 2011 2
0 391854.9917 340188.72865 3173704.0097 107935.10751 # 2012 1
0.4608485163 204.49815593 106.11249878 403.04275717 25.231394953 # 2012 2
130155.67814 18403423.354 7515114.8942 2204528.9859 4362114.5566 # 2013 1
8477.0163499 790667.47418 184322.83124 78747.047194 53616.75877 # 2013 2
6986725.1006 8132571.5891 3083482.2021 363933.25392 360417.007 # 2014 1
931119.35422 69236.47657 56816.242678 13639.617866 14419.309695 # 2014 2
206137.12304 26827530.556 1728600.2705 549727.9588 167026.34107 # 2015 1
0.3887678489 160.93347125 20.400999466 6.310193941 2.6277878036 # 2015 2
0 136488.92145 1245833.5201 98953.324047 15607.317817 # 2016 1
13.460728744 5.7596043664 14.684540882 2.0315024614 1.0323047777 # 2016 2
63695.933499 35135221.986 3164977.4361 4807645.9183 111963.3817 # 2017 1
2600.3905271 267836.72933 41450.998092 39890.552118 7171.6630503 # 2017 2
652923.3617 1844197.0514 15538221.395 1032003.0188 365424.84982 # 2018 1
92724.235336 163716.75056 823885.75274 43666.561528 11738.910301 # 2018 2
12111422.918 5707527.9671 857182.58824 1971604.9913 107456.62516 # 2019 1
6021324.4853 321215.68552 15793.626337 17058.859315 409.45641554 # 2019 2
938443.36954 12643998.771 1170174.0521 285393.32949 477762.34822 # 2020 1
46068.558423 89240.216526 12727.751106 2599.8394583 5120.6514696 # 2020 2
23129.773694 1141447.8982 991325.15352 52687.13454 33159.092137 # 2021 1
1550.9660958 48859.471421 28223.288282 1575.3074459 1281.7701162 # 2021 2
58110.288311 554176.33512 35299.210303 31488.888179 5407.8290468 # 2022 1
99.551276832 182.41585658 13.448797167 2.4270447148 0.8185081569 # 2022 2
2526811.8779 9628527.4594 3155312.8134 397752.19457 288008.36494 # 2023 1
44087.392658 43892.398269 12343.674741 1384.9085388 692.42955901 # 2023 2
26025289.408 476894.76896 550608.05382 94055.406966 32737.164449 # 2024 1
4541474.5021 48306.913943 136.13675606 210.538353 563.93464501 # 2024 2
