6922.08566227488 # 1983 1
7898.65268382796 # 1984 1
8461.53249259496 # 1985 1
6569.71534289182 # 1986 1
4353.38539262332 # 1987 1
7133.53212760818 # 1988 1
8306.19641744375 # 1989 1
7895.03372783875 # 1990 1
4715.00238767127 # 1991 1
8055.85312475895 # 1992 1
3536.70006282888 # 1993 1
2865.09882754118 # 1994 1
5273.48613328872 # 1995 1
4931.34998054721 # 1996 1
4228.72652836238 # 1997 1
6454.62725957687 # 1998 1
7840.68030232533 # 1999 1
6334.58953307435 # 2000 1
8235.6685391661 # 2001 1
8300.29521185715 # 2002 1
6094.98292426644 # 2003 1
6881.02092018765 # 2004 1
3642.19310459762 # 2005 1
4938.50204825498 # 2006 1
1837.92707773878 # 2007 1
3843.46868619104 # 2008 1
4653.05088935792 # 2009 1
3200.2247796157 # 2010 1
4709.07841457909 # 2011 1
695.94062245213 # 2012 1
5004.6194848414 # 2013 1
2309.64153397484 # 2014 1
1860.09943235776 # 2015 1
194.857571673301 # 2016 1
3758.53682375627 # 2017 1
3044.09260675382 # 2018 1
2130.21479769701 # 2019 1
3347.10754265624 # 2020 1
404.546057386459 # 2021 1
131.832474025366 # 2022 1
2499.69553456209 # 2023 1
1650.57613399362 # 2024 1
2060.0295845421 # 1983 2
2256.00929051681 # 1984 2
2425.13795994359 # 1985 2
804.944242382359 # 1986 2
1412.85957666834 # 1987 2
804.837656391342 # 1988 2
313.24161948945 # 1989 2
517.061260469781 # 1990 2
1414.703478644 # 1991 2
889.502544262391 # 1992 2
397.895538463723 # 1993 2
294.19114299955 # 1994 2
597.603202895949 # 1995 2
696.102162716477 # 1996 2
1456.77248597498 # 1997 2
621.953842115473 # 1998 2
1030.23462918787 # 1999 2
979.394567627069 # 2000 2
3049.64513068889 # 2001 2
232.674026831248 # 2002 2
923.236891092457 # 2003 2
473.622893199176 # 2004 2
145.330563555431 # 2005 2
224.433274205148 # 2006 2
0 # 2007 2
116.421127955784 # 2008 2
218.894564037285 # 2009 2
147.703703430062 # 2010 2
164.524096663836 # 2011 2
0 # 2012 2
197.716095525499 # 2013 2
88.3523296933625 # 2014 2
0 # 2015 2
0 # 2016 2
59.2778613736135 # 2017 2
307.417686638662 # 2018 2
335.438136713954 # 2019 2
42.5541291673519 # 2020 2
29.5102922120414 # 2021 2
0 # 2022 2
22.8890454641239 # 2023 2
277.367515761812 # 2024 2
