0.001 489744.827711388 27358.1596167694 # 2004
0.001 1001314.91849615 16500.6163868995 # 2005
0.001 564967.717548759 60561.0315814149 # 2006
0.001 1680594.9578438 28916.3290792437 # 2007
0.001 136940.120685318 49294.0022814094 # 2008
0.001 1208216.12630125 36625.3586533908 # 2009
0.001 205771.817943506 452997.471493972 # 2010
0.001 206563.742602852 106665.219245758 # 2011
0.001 477877.734048233 13375.7933766056 # 2012
0.001 172532.336175023 31425.2884863319 # 2013
0.001 1049986.86086629 15866.9365391373 # 2014
0.001 111793.524722374 59001.2612329827 # 2015
0.001 914430.689772908 25103.3223449677 # 2016
0.001 121801.738580526 168044.950950592 # 2017
0.001 498534.474498737 51055.6488837414 # 2018
0.001 665887.292746212 80378.5872948044 # 2019
0.001 244304.522979494 34582.2648133555 # 2020
0.001 225957.850354054 38561.3846042858 # 2021
0.001 399092.3020035 69221.98811848 # 2022
0.001 396026.21420232 25414.0242239859 # 2023
0.001 235666.403878163 23958.2987127583 # 2024
1e-04 11.026580619 0.9547949204 0.3017842656 # 2015
1e-04 0.6223110934 8.8696478559 0.7252465533 # 2016
1e-04 10.100839262 1.2984292262 2.1850023126 # 2017
1e-04 1.0166971677 7.7981871014 0.567982301 # 2018
1e-04 4.6347501938 1.0103263026 2.6144143507 # 2019
1e-04 5.7142648717 0.6802856572 0.2379535304 # 2020
1e-04 -1 -1 -1 # 2021
1e-04 -1 -1 -1 # 2022
1e-04 3.2956897555 1.5763385886 0.2713564157 # 2023
1e-04 -1 -1 -1 # 2024
