0 0.3795855 0.360088366666667 0.289589666666667 0.2676949 # 1983
0.438487266666667 0.4189894 0.353322133333333 0.2873295 0.2873295 # 1983
0 0.3795855 0.360088366666667 0.289589666666667 0.2676949 # 1984
0.438487266666667 0.4189894 0.353322133333333 0.2873295 0.2873295 # 1984
0 0.3625938 0.344185066666667 0.2782186 0.2581707 # 1985
0.460090733333333 0.4404667 0.361252133333333 0.308732 0.308732 # 1985
0 0.365495666666667 0.350292266666667 0.286307966666667 0.267998833333333 # 1986
0.457009733333333 0.439609366666667 0.368008433333333 0.3211663 0.3211663 # 1986
0 0.3820319 0.367252633333333 0.296822133333333 0.275923833333333 # 1987
0.472709666666667 0.454742333333333 0.376019866666667 0.335019166666667 0.335019166666667 # 1987
0 0.392056933333333 0.377468066666667 0.301179033333333 0.275449433333333 # 1988
0.482193666666667 0.463429 0.373520166666667 0.338010733333333 0.338010733333333 # 1988
0 0.413986466666667 0.3983508 0.318007066666667 0.2892582 # 1989
0.483962333333333 0.460285 0.364716566666667 0.338654866666667 0.338654866666667 # 1989
0 0.414558133333333 0.395732633333333 0.318308533333333 0.292019533333333 # 1990
0.490674666666667 0.460898666666667 0.351922766666667 0.334319 0.334319 # 1990
0 0.4137033 0.3917127 0.315567966666667 0.292271333333333 # 1991
0.494695666666667 0.456576666666667 0.3412272 0.325544533333333 0.325544533333333 # 1991
0 0.4119105 0.385823433333333 0.3090798 0.2851811 # 1992
0.478312333333333 0.442392333333333 0.323922533333333 0.310391666666667 0.310391666666667 # 1992
0 0.404015166666667 0.373084666666667 0.299096766666667 0.275362333333333 # 1993
0.474239 0.440439666666667 0.312997466666667 0.3018363 0.3018363 # 1993
0 0.388073733333333 0.363944933333333 0.289625566666667 0.267230833333333 # 1994
0.485819666666667 0.454774666666667 0.322615466666667 0.310624 0.310624 # 1994
0 0.380909766666667 0.365316866666667 0.289361833333333 0.263506133333333 # 1995
0.484600333333333 0.45655 0.335869833333333 0.3167219 0.3167219 # 1995
0 0.345040166666667 0.340484366666667 0.2746701 0.2425425 # 1996
0.509064 0.476009666666667 0.3532572 0.3252714 0.3252714 # 1996
0 0.351431433333333 0.347808433333333 0.288509166666667 0.242929966666667 # 1997
0.514689333333333 0.480778666666667 0.361362333333333 0.317676633333333 0.317676633333333 # 1997
0 0.380005533333333 0.3786334 0.312793533333333 0.245903 # 1998
0.569302 0.525898666666667 0.374139066666667 0.3241703 0.3241703 # 1998
0 0.4081553 0.4066327 0.334675666666667 0.259310733333333 # 1999
0.585534333333333 0.531347 0.397131 0.3194889 0.3194889 # 1999
0 0.419508133333333 0.4181213 0.349557966666667 0.265699166666667 # 2000
0.586289333333333 0.526401666666667 0.411222 0.3159372 0.3159372 # 2000
0 0.376992033333333 0.375741866666667 0.329159866666667 0.254568566666667 # 2001
0.586840333333333 0.521319333333333 0.442607 0.307277533333333 0.307277533333333 # 2001
0 0.4158801 0.4142632 0.3696162 0.278532266666667 # 2002
0.612251666666667 0.548266 0.493452333333333 0.3117452 0.3117452 # 2002
0 0.441752866666667 0.440063866666667 0.391921866666667 0.292116333333333 # 2003
0.629263 0.563809 0.532485666666667 0.312211166666667 0.307417566666667 # 2003
0 0.493894966666667 0.492028633333333 0.4354163 0.318936 # 2004
0.643406666666667 0.576026 0.567998 0.316144966666667 0.3073627 # 2004
0 0.5004487 0.4987842 0.441010533333333 0.3264907 # 2005
0.664899 0.583868333333333 0.577868 0.326607566666667 0.312470033333333 # 2005
0 0.540368733333333 0.538626566666667 0.4640739 0.354335666666667 # 2006
0.708942 0.620596333333333 0.616831666666667 0.349345433333333 0.3342257 # 2006
0 0.549661066666667 0.5477019 0.464757 0.3713254 # 2007
0.720889333333333 0.633749 0.632330666666667 0.370351333333333 0.353834733333333 # 2007
0 0.549242233333333 0.547406066666667 0.455829066666667 0.376372733333333 # 2008
0.672825333333333 0.611140333333333 0.610009333333333 0.372545766666667 0.357765466666667 # 2008
0 0.478044 0.4764629 0.4032863 0.342046166666667 # 2009
0.628917666666667 0.579580666666667 0.578614333333333 0.372481366666667 0.358900133333333 # 2009
0 0.4647064 0.463307233333333 0.394715633333333 0.3371037 # 2010
0.657306333333333 0.610064666666667 0.609026666666667 0.398514166666667 0.383920133333333 # 2010
0 0.512179833333333 0.510401166666667 0.426607666666667 0.359835666666667 # 2011
0.739320666666667 0.678149666666667 0.676924333333333 0.435091333333333 0.4110401 # 2011
0 0.575340066666667 0.572913 0.4739201 0.3911612 # 2012
0.766458666666667 0.709212 0.707993 0.442857166666667 0.413063833333333 # 2012
0 0.586308666666667 0.584065333333333 0.474147333333333 0.383358933333333 # 2013
0.722140333333333 0.66907 0.668116 0.404840233333333 0.373220666666667 # 2013
0 0.521836733333333 0.519963966666667 0.426770966666667 0.345527466666667 # 2014
0.696582333333333 0.635421 0.634622 0.3780159 0.347475766666667 # 2014
0 0.529377733333333 0.527644633333333 0.438253966666667 0.3419968 # 2015
0.689547333333333 0.618336333333333 0.617494333333333 0.374278133333333 0.342640166666667 # 2015
0 0.492020866666667 0.489681166666667 0.4193475 0.3259802 # 2016
0.713073333333333 0.628111666666667 0.627136666666667 0.384646266666667 0.349028 # 2016
0 0.502655533333333 0.49982 0.437009333333333 0.328169966666667 # 2017
0.668624 0.595302 0.594142666666667 0.3707985 0.3331653 # 2017
0 0.468769066666667 0.465875166666667 0.412999833333333 0.313624033333333 # 2018
0.624159 0.554779666666667 0.553468333333333 0.346385266666667 0.307512566666667 # 2018
0 0.474862166666667 0.4719784 0.4225384 0.3220163 # 2019
0.585228 0.515102666666667 0.513501333333333 0.326621166666667 0.2941703 # 2019
0 0.4797908 0.476527233333333 0.431933566666667 0.3355634 # 2020
0.586689666666667 0.510205666666667 0.507309666666667 0.322700233333333 0.2971521 # 2020
0 0.474532566666667 0.4710403 0.432650633333333 0.337387 # 2021
0.577645666666667 0.493908666666667 0.488869333333333 0.312696466666667 0.294751266666667 # 2021
0 0.326572666666667 0.324072866666667 0.2994802 0.2319346 # 2022
0.577645666666667 0.493908666666667 0.488869333333333 0.312696466666667 0.294751266666667 # 2022
0 0.326572666666667 0.324072866666667 0.2994802 0.2319346 # 2023
0.580660333333333 0.499341 0.495016111111111 0.316031055555556 0.295551544444444 # 2023
0 0.375892633333333 0.373062011111111 0.343870344444444 0.2670854 # 2024
0.580660333333333 0.499341 0.495016111111111 0.316031055555556 0.295551544444444 # 2024
0 0.343012655555556 0.340402581481482 0.314276914814815 0.243651533333333 # 2025
0.579655444444444 0.497530222222222 0.492967185185185 0.314919525925926 0.295284785185185 # 2025
