0 0.0424269152274625 0.628757388734631 0.923035309200815 0.963160194351054 # 1983 1
0 0.0424269152274625 0.628757388734631 0.923035309200815 0.963160194351054 # 1983 2
0 0.0424269152274625 0.628757388734631 0.923035309200815 0.963160194351054 # 1984 1
0 0.0424269152274625 0.628757388734631 0.923035309200815 0.963160194351054 # 1984 2
0 0.0424269152274625 0.628757388734631 0.923035309200815 0.963160194351054 # 1985 1
0 0.0424269152274625 0.628757388734631 0.923035309200815 0.963160194351054 # 1985 2
0 0.0424269152274625 0.628757388734631 0.923035309200815 0.963160194351054 # 1986 1
0 0.0424269152274625 0.628757388734631 0.923035309200815 0.963160194351054 # 1986 2
0 0.0424269152274625 0.628757388734631 0.923035309200815 0.963160194351054 # 1987 1
0 0.0424269152274625 0.628757388734631 0.923035309200815 0.963160194351054 # 1987 2
0 0.0424269152274625 0.628757388734631 0.923035309200815 0.963160194351054 # 1988 1
0 0.0424269152274625 0.628757388734631 0.923035309200815 0.963160194351054 # 1988 2
0 0.0424269152274625 0.628757388734631 0.923035309200815 0.963160194351054 # 1989 1
0 0.0424269152274625 0.628757388734631 0.923035309200815 0.963160194351054 # 1989 2
0 0.0424269152274625 0.628757388734631 0.923035309200815 0.963160194351054 # 1990 1
0 0.0424269152274625 0.628757388734631 0.923035309200815 0.963160194351054 # 1990 2
0 0.0424269152274625 0.628757388734631 0.923035309200815 0.963160194351054 # 1991 1
0 0.0424269152274625 0.628757388734631 0.923035309200815 0.963160194351054 # 1991 2
0 0.0424269152274625 0.628757388734631 0.923035309200815 0.963160194351054 # 1992 1
0 0.0424269152274625 0.628757388734631 0.923035309200815 0.963160194351054 # 1992 2
0 0.0424269152274625 0.628757388734631 0.923035309200815 0.963160194351054 # 1993 1
0 0.0424269152274625 0.628757388734631 0.923035309200815 0.963160194351054 # 1993 2
0 0.0424269152274625 0.628757388734631 0.923035309200815 0.963160194351054 # 1994 1
0 0.0424269152274625 0.628757388734631 0.923035309200815 0.963160194351054 # 1994 2
0 0.0424269152274625 0.628757388734631 0.923035309200815 0.963160194351054 # 1995 1
0 0.0424269152274625 0.628757388734631 0.923035309200815 0.963160194351054 # 1995 2
0 0.0424269152274625 0.628757388734631 0.923035309200815 0.963160194351054 # 1996 1
0 0.0424269152274625 0.628757388734631 0.923035309200815 0.963160194351054 # 1996 2
0 0.0424269152274625 0.628757388734631 0.923035309200815 0.963160194351054 # 1997 1
0 0.0424269152274625 0.628757388734631 0.923035309200815 0.963160194351054 # 1997 2
0 0.0424269152274625 0.628757388734631 0.923035309200815 0.963160194351054 # 1998 1
0 0.0424269152274625 0.628757388734631 0.923035309200815 0.963160194351054 # 1998 2
0 0.0424269152274625 0.628757388734631 0.923035309200815 0.963160194351054 # 1999 1
0 0.0424269152274625 0.628757388734631 0.923035309200815 0.963160194351054 # 1999 2
0 0.0424269152274625 0.628757388734631 0.923035309200815 0.963160194351054 # 2000 1
0 0.0424269152274625 0.628757388734631 0.923035309200815 0.963160194351054 # 2000 2
0 0.0424269152274625 0.628757388734631 0.923035309200815 0.963160194351054 # 2001 1
0 0.0424269152274625 0.628757388734631 0.923035309200815 0.963160194351054 # 2001 2
0 0.0424269152274625 0.628757388734631 0.923035309200815 0.963160194351054 # 2002 1
0 0.0424269152274625 0.628757388734631 0.923035309200815 0.963160194351054 # 2002 2
0 0.0424269152274625 0.628757388734631 0.923035309200815 0.963160194351054 # 2003 1
0 0.0424269152274625 0.628757388734631 0.923035309200815 0.963160194351054 # 2003 2
0 0.0424269152274625 0.628757388734631 0.923035309200815 0.963160194351054 # 2004 1
0 0.0424269152274625 0.628757388734631 0.923035309200815 0.963160194351054 # 2004 2
0 0.0424269152274625 0.628757388734631 0.923035309200815 0.963160194351054 # 2005 1
0 0.0424269152274625 0.628757388734631 0.923035309200815 0.963160194351054 # 2005 2
0 0.0424269152274625 0.628757388734631 0.923035309200815 0.963160194351054 # 2006 1
0 0.0424269152274625 0.628757388734631 0.923035309200815 0.963160194351054 # 2006 2
0 0.0424269152274625 0.628757388734631 0.923035309200815 0.963160194351054 # 2007 1
0 0.0424269152274625 0.628757388734631 0.923035309200815 0.963160194351054 # 2007 2
0 0.0424269152274625 0.628757388734631 0.923035309200815 0.963160194351054 # 2008 1
0 0.0424269152274625 0.628757388734631 0.923035309200815 0.963160194351054 # 2008 2
0 0.0424269152274625 0.628757388734631 0.923035309200815 0.963160194351054 # 2009 1
0 0.0424269152274625 0.628757388734631 0.923035309200815 0.963160194351054 # 2009 2
0 0.0266670118628144 0.571587793370656 0.904397616716971 0.96120936784311 # 2010 1
0 0.0266670118628144 0.571587793370656 0.904397616716971 0.96120936784311 # 2010 2
0 0.0376654037751079 0.579666752738158 0.889654410152456 0.978984500449718 # 2011 1
0 0.0376654037751079 0.579666752738158 0.889654410152456 0.978984500449718 # 2011 2
0 0.029324628046325 0.579005949523148 0.877047124831282 0.97077082169994 # 2012 1
0 0.029324628046325 0.579005949523148 0.877047124831282 0.97077082169994 # 2012 2
0 0.029993960631998 0.537303311428813 0.875325534004786 0.970508413648073 # 2013 1
0 0.029993960631998 0.537303311428813 0.875325534004786 0.970508413648073 # 2013 2
0 0.0322590495465331 0.517319775424211 0.865947563769047 0.960208209281572 # 2014 1
0 0.0322590495465331 0.517319775424211 0.865947563769047 0.960208209281572 # 2014 2
0 0.0385138724436711 0.610269791293504 0.909046589551 0.96782977397148 # 2015 1
0 0.0385138724436711 0.610269791293504 0.909046589551 0.96782977397148 # 2015 2
0 0.0372589628364216 0.612522828919662 0.911380222700577 0.971231681329796 # 2016 1
0 0.0372589628364216 0.612522828919662 0.911380222700577 0.971231681329796 # 2016 2
0 0.0269030872130449 0.548910957049607 0.912602016342436 0.977818845128001 # 2017 1
0 0.0269030872130449 0.548910957049607 0.912602016342436 0.977818845128001 # 2017 2
0 0.0351066174801528 0.54474081651678 0.906176730992653 0.982190177895755 # 2018 1
0 0.0351066174801528 0.54474081651678 0.906176730992653 0.982190177895755 # 2018 2
0 0.0361397452777747 0.492217081713094 0.867715940836629 0.943178604375271 # 2019 1
0 0.0361397452777747 0.492217081713094 0.867715940836629 0.943178604375271 # 2019 2
0 0.0310559453140222 0.519814331537774 0.865230516527947 0.951852957948931 # 2020 1
0 0.0310559453140222 0.519814331537774 0.865230516527947 0.951852957948931 # 2020 2
0 0.0269597068014208 0.449026560280247 0.835140030233652 0.93238361934946 # 2021 1
0 0.0269597068014208 0.449026560280247 0.835140030233652 0.93238361934946 # 2021 2
0 0.0282966092789786 0.476853171044443 0.8368184932351 0.927803727760205 # 2022 1
0 0.0282966092789786 0.476853171044443 0.8368184932351 0.927803727760205 # 2022 2
0 0.0260357603930932 0.465016842090241 0.782957463256939 0.913550609861977 # 2023 1
0 0.0260357603930932 0.465016842090241 0.782957463256939 0.913550609861977 # 2023 2
0 0.0213770311009746 0.394314134984265 0.774315242838541 0.910481843523709 # 2024 1
0 0.0213770311009746 0.394314134984265 0.774315242838541 0.910481843523709 # 2024 2
0 0.0283107996943774 0.466207020275011 0.827029614488135 0.929875227136592 # 2024 1
0 0.0283107996943774 0.466207020275011 0.827029614488135 0.929875227136592 # 2024 2
